// Start Time: Unknown
// Update Rate: 225.0Hz
// Filter Profile: human (46.1)
// Option Flags: AHS Disabled ICC Disabled 
// Firmware Version: 4.0.2
PacketCounter	SampleTimeFine	Mat[1][1]	Mat[2][1]	Mat[3][1]	Mat[1][2]	Mat[2][2]	Mat[3][2]	Mat[1][3]	Mat[2][3]	Mat[3][3]
29251	132.9672530763889	0.1695177178030555	0.02559767731689564	0.9851946519682413	-0.11789729671646552	-0.9919570348013467	0.04605940224395083	0.9784497793846108	-0.12395967095834226	-0.16513639574032796
29252	132.97167927083333	0.16953773657729532	0.025572559608961997	0.9851918595234606	-0.11801341554430346	-0.9919433724313682	0.04605626603461843	0.9784323122361686	-0.12407413140751819	-0.16515392907119936
29253	132.97610546527778	0.1695845386433098	0.02557888974421981	0.9851836400654393	-0.1181316205448164	-0.9919278016339239	0.04608857312986209	0.9784099368263752	-0.12419724934612755	-0.16519394291033962
29254	132.98053165972223	0.16962268167431213	0.02557716516940818	0.9851771183312734	-0.1182505689220101	-0.9919125490185496	0.04611179945680083	0.978388955789688	-0.12431936181231013	-0.16522635221823428
29255	132.98495785416668	0.16962227581343478	0.025584013723061648	0.9851770103842706	-0.1183951504537759	-0.9918938483909864	0.046143058775364176	0.978371540825314	-0.12446707101051727	-0.16521826877547174
29256	132.9893840486111	0.16963318717014214	0.025586328897346806	0.9851750715401076	-0.11854058401929822	-0.9918751617783519	0.04617134812339968	0.9783520387625627	-0.12461542127973266	-0.16522192659696078
29257	132.99383386805556	0.1696829147839544	0.025620086523159814	0.9851656305398434	-0.11857184838816691	-0.9918692989647957	0.04621699407034657	0.978339626714688	-0.12465514404801219	-0.1652654527181482
29258	132.9982600625	0.16967573620330204	0.02564982825019117	0.9851660930292938	-0.1186823128628284	-0.9918538644225485	0.046264675980563386	0.9783274774621212	-0.1247717834319623	-0.16524935371071908
29259	133.00268625694446	0.16967076628045744	0.025617544882433684	0.9851677889902812	-0.11878308576203	-0.9918425528000903	0.04624855664613525	0.978316109244171	-0.12486829801513692	-0.16524375493237364
29260	133.00711245138888	0.1695891048613909	0.025637992115255828	0.9851813177647101	-0.11887160938513913	-0.9918307794447688	0.0462735932057326	0.9783195163107498	-0.12495758602934358	-0.16515606467586996
29261	133.01153864583335	0.16958182740923242	0.025676163739763926	0.9851815763747082	-0.11892158505311377	-0.9918226446448913	0.04631952264509376	0.9783147041831688	-0.12501430392248386	-0.16514164645472235
29262	133.01596484027777	0.16954859068479908	0.025625233262400564	0.9851886229636667	-0.11901541013835847	-0.99181324425312	0.04627980848814367	0.9783090552307062	-0.12509930433199243	-0.16511074013901922
29263	133.0204023159722	0.1694583988909572	0.025609692610726494	0.9852045445945209	-0.11907041717694172	-0.9918074806479331	0.04626183182828669	0.9783179885899176	-0.1251481720808726	-0.16502075089574025
29264	133.02483979166666	0.16936820482431197	0.025594156459398765	0.9852204577401558	-0.11912542225092315	-0.9918017141049307	0.046243850099887684	0.9783269110926723	-0.12519704091412648	-0.1649307611642455
29265	133.0292659861111	0.16932578211388097	0.025618114486067826	0.9852271269721015	-0.11910340695676404	-0.9918036612976341	0.0462587925469255	0.9783369347841336	-0.12517671367625358	-0.1648867259375335
29266	133.03369218055556	0.16923829535987345	0.025632518927778417	0.9852417842119271	-0.11910932958229746	-0.9918027527512042	0.046263022400072074	0.9783513515042233	-0.1251809634431331	-0.1647979350638505
29267	133.03811837499998	0.16917457166154598	0.025595305999257474	0.9852536955596446	-0.11915050115547594	-0.9917996135134796	0.04622428700273973	0.9783573592392155	-0.12521344554526526	-0.16473758125319043
29268	133.04254456944446	0.16909875118328244	0.025608398551154366	0.9852663712275477	-0.1192299332251465	-0.9917892854643848	0.0462410668256259	0.9783607899805581	-0.12529255030403894	-0.16465704195973035
29269	133.04697076388888	0.1690200183528594	0.02562755617485516	0.9852793825918129	-0.11927456302259799	-0.991783143114583	0.04625770908212945	0.9783689549509262	-0.12533724665183643	-0.1645744894871905
29270	133.05140823958334	0.16896728128245136	0.02562915301805234	0.9852883863984161	-0.11933231868168517	-0.9917759847782892	0.046262227952269974	0.9783710214300452	-0.1253935506022233	-0.16451930553372146
29271	133.05584571527777	0.16891454380614074	0.0256307528976951	0.9852973872880518	-0.1193900741905001	-0.9917688231762738	0.04626674356745386	0.9783730817410866	-0.1254498540511186	-0.16446412083795903
29272	133.0602719097222	0.16879033140118566	0.025662278609474766	0.9853178530210686	-0.11937397977759939	-0.9917701540532734	0.046279741585318834	0.9783964825046825	-0.1254328863803918	-0.1643378046486823
29273	133.06469810416667	0.16877047143882856	0.025658562602789522	0.9853213517099253	-0.11930378147906151	-0.991779445021012	0.046261648896356256	0.9784084707805386	-0.12536016352483012	-0.16432192095370585
29274	133.0691242986111	0.16880576897476704	0.025633624549038662	0.9853159542265193	-0.1193297492004533	-0.9917770758709463	0.04624546175174621	0.9783992146954098	-0.12538400643365258	-0.16435883795540557
29275	133.07355049305556	0.1688000841488338	0.02560761901790373	0.9853176043487606	-0.11937730781636717	-0.9917722345570859	0.04622654151200456	0.9783943938769595	-0.12542760704836353	-0.1643542680317684
29276	133.07797668749998	0.16879654914742745	0.025622823469862416	0.9853178146736982	-0.11942870332711907	-0.9917649521046277	0.04625002268657297	0.9783887314444719	-0.12548207319907417	-0.16434640089803937
29277	133.08241416319444	0.1687836067348142	0.025593758648697413	0.9853207871631553	-0.11941482869405565	-0.9917681731043614	0.04621676649449874	0.9783926577737372	-0.12546254554834238	-0.16433793499668048
29278	133.0868516388889	0.1687706647081876	0.02556469354368592	0.9853237585575485	-0.1194009535898026	-0.9917713928376646	0.046183510376375525	0.9783965837102062	-0.12544301811123806	-0.16432946842043045
29279	133.09127783333332	0.16870305860230184	0.02558059096410095	0.985334923457073	-0.11944483033361915	-0.9917654274721542	0.04619815339976591	0.9784028876310625	-0.12548693253443863	-0.16425839168303097
29280	133.0957040277778	0.16873281063028595	0.025565020142893295	0.9853302331512503	-0.1193868285481445	-0.9917734158704024	0.046176582181552905	0.978404836346397	-0.12542695610532525	-0.16429258929158302
29281	133.10013022222222	0.16875760256623348	0.025572046381078625	0.9853258050106988	-0.11932225298648964	-0.9917812138773017	0.046176008297540094	0.978408437984018	-0.1253638474359745	-0.16431930573649706
29282	133.1045564166667	0.16867253219282155	0.025625115146912035	0.9853389926098375	-0.11934858391852751	-0.9917758625729372	0.04622287241560474	0.9784198957504412	-0.12539534238325828	-0.1642270249023639
29283	133.10898261111112	0.1686602500040123	0.025613046262910607	0.9853414088171256	-0.11939569708233551	-0.9917704633740926	0.04621704768763141	0.9784162649848003	-0.12544050318725464	-0.1642141667863073
29284	133.11343249305554	0.1686382915099375	0.025571862669568533	0.9853462368508941	-0.11946531241986061	-0.9917635989493928	0.046184444647230594	0.9784115523464728	-0.1255031618667703	-0.1641943683455946
29285	133.1178586875	0.16864958999714133	0.025571703620035104	0.9853443072184287	-0.11953763964166886	-0.9917542580817864	0.04619788182962303	0.978400770902545	-0.1255769865485486	-0.16420216791105702
29286	133.12228488194444	0.16862736300597858	0.02554108880510068	0.9853489053265856	-0.11961226195262163	-0.9917462464946512	0.046176718748183354	0.9783954820195299	-0.12564646969342738	-0.16418052691275925
29287	133.12671107638886	0.16863580664117514	0.025502532465189288	0.9853484589506102	-0.11963062692186537	-0.991745643326826	0.0461420853943707	0.978391781353851	-0.12565906167134117	-0.16419294259838463
29288	133.13113727083334	0.16866058858452648	0.02549162667273883	0.9853444995674857	-0.11963710108757902	-0.9917451734221302	0.0461353989607689	0.978386717970804	-0.1256649830441505	-0.1642185803581065
29289	133.13556346527776	0.1686664327477033	0.02547287198635911	0.9853439842293308	-0.11964213810414516	-0.9917453692768958	0.04611812341913357	0.978385094558392	-0.1256672404033778	-0.16422652476188648
29290	133.14000090972223	0.16866690577056917	0.025467821530500194	0.98534403380965	-0.11964946363568504	-0.9917446618631421	0.04611433093578132	0.9783841171796868	-0.12567384665256523	-0.16422729224484195
29291	133.14443835416668	0.1686673787560761	0.0254627710709497	0.9853440833703436	-0.11965678916308518	-0.9917439543805454	0.046110538457274586	0.9783831397518741	-0.1256804528915582	-0.16422805975300764
29292	133.1488645486111	0.1686675223848573	0.025466194911028434	0.9853439703013904	-0.11966434032197532	-0.9917428232518198	0.04611527061415088	0.9783821914506929	-0.12568868463494792	-0.16422740942630876
29293	133.15329074305558	0.1686876624642077	0.025496452313133383	0.9853397401159695	-0.11985748643964332	-0.9917164519478378	0.046180752271517245	0.9783550763790889	-0.1258904676909123	-0.1642343894189981
29294	133.1577169375	0.16870788539610695	0.025458578204972104	0.9853372570855907	-0.12008748137272682	-0.9916884830121696	0.046183865998603635	0.9783233852989147	-0.1261182518781612	-0.16424841040469063
29295	133.16214313194445	0.16868372879959043	0.025403271795692343	0.9853428202510743	-0.12032651849935318	-0.991660377182023	0.04616519547270531	0.9782981797918727	-0.12635018840224368	-0.16422028287220342
29296	133.1665693263889	0.1686339098422168	0.025328417074665543	0.9853532745872513	-0.12059856845642289	-0.9916290117225697	0.046129040705190916	0.978273269458789	-0.12661111483045828	-0.16416770651927842
29297	133.17102205208334	0.1686209960622829	0.025323711765343353	0.9853556055097009	-0.12078660852692065	-0.9916049552179506	0.04615417627658919	0.9782522961319988	-0.12680032495869975	-0.16414664998969708
29298	133.17547477777777	0.16860808135239203	0.02531900895833252	0.9853579363297549	-0.12097464450362773	-0.9915808625208373	0.04617930780829749	0.9782312867056984	-0.12698953054405898	-0.1641255886274699
29299	133.1799009722222	0.16863044842517386	0.02530217298659457	0.9853545412216262	-0.12099153400153177	-0.9915793227252943	0.04616812150827809	0.9782253424257016	-0.12700490851066892	-0.16414911711707636
29300	133.18432716666666	0.16865923536759908	0.025306979367625018	0.9853494908510906	-0.12097427052152239	-0.9915811636130513	0.046173822016080834	0.9782225146647373	-0.12698957737969604	-0.16417782749178972
29301	133.1887533611111	0.16862856966243497	0.025305022258648124	0.9853547895768765	-0.12095315335365937	-0.9915841829227271	0.04616430299781149	0.9782304126264973	-0.12696638935543886	-0.16414870022828576
29302	133.19317955555556	0.16863590609313797	0.025339724864243744	0.9853526422149335	-0.12092904718577493	-0.9915856404616843	0.046196138117076124	0.978232128240985	-0.1269480837744147	-0.16415263416441794
29303	133.19760574999998	0.16863780262678219	0.02535565103923622	0.9853519079423286	-0.12092220742706608	-0.9915857697351534	0.04621126496547312	0.978232646805542	-0.1269438939812389	-0.16415278402970784
29304	133.2020432256944	0.16855040333182	0.025373712535375355	0.9853663969553929	-0.12095078280585687	-0.9915817460342313	0.0462228198009948	0.9782441769186929	-0.12697171198293333	-0.16406253283669558
29305	133.20648070138887	0.1684630031882058	0.025391776512891994	0.9853808777535368	-0.12097935911753985	-0.991577721368285	0.04623437199302588	0.9782556982835932	-0.1269995282337676	-0.16397227998683372
29306	133.21090689583332	0.16846638372221323	0.025396430914637804	0.9853801798556525	-0.12098703001895648	-0.9915764864831181	0.04624078309227514	0.9782541674446127	-0.12700823890831944	-0.16397466611234535
29307	133.21533309027777	0.16842792640112056	0.025408434696724814	0.9853864445254366	-0.12099877112526741	-0.9915746330331906	0.04624980552681923	0.9782593372896545	-0.12702030771241157	-0.163934469939212
29308	133.2197592847222	0.16837963386685023	0.02547724361660894	0.9853929211013065	-0.12104973588880703	-0.991565076554069	0.046321273725725476	0.9782613456229965	-0.12708111195619717	-0.16387535093436412
29309	133.22418547916666	0.16834970210605715	0.025453685911932825	0.9853986440392022	-0.12120711394398433	-0.9915459100649772	0.046320014710558466	0.9782470103865238	-0.12723528640637788	-0.16384129077529624
29310	133.22861167361108	0.16835860113403434	0.0254520817606523	0.9853971650853479	-0.12139148493898347	-0.9915219329685754	0.046350445807656404	0.9782226172035176	-0.127422321342491	-0.16384157962858903
29311	133.23304914930554	0.16834986269643484	0.025457006148781665	0.9853985308331005	-0.12156963137365474	-0.991498532949808	0.0463840908723292	0.9782019977784575	-0.12760329147917648	-0.16382384303243241
29312	133.237486625	0.16834112512222024	0.025461932149967496	0.9853998962876824	-0.12174777406975122	-0.9914750998386449	0.04641773270001248	0.9781813457133834	-0.12778425728993162	-0.16380610027472953
29313	133.24191281944445	0.16833923096850445	0.0254942003151702	0.9853993855626371	-0.12191544991476033	-0.9914516710118062	0.0464780283572685	0.9781607875952778	-0.12795948498719223	-0.16379207493892517
29314	133.2463390138889	0.16827931160520415	0.02552978278681888	0.9854086987014763	-0.12210253488831797	-0.9914258694971423	0.046537256748576894	0.978147761976444	-0.1281521575420941	-0.1637192116331514
29315	133.25076520833332	0.16830481786009535	0.02551338932689125	0.9854047672150439	-0.12210079472415487	-0.9914267137833096	0.046523833940871395	0.978143590794731	-0.12814889059949935	-0.16374668737201248
29316	133.2551914027778	0.16826871911762387	0.025492103242379292	0.9854114830053454	-0.1220835384142713	-0.9914302022200754	0.046494771470686536	0.9781519553805357	-0.1281261362803862	-0.16371452405664727
29317	133.25961759722222	0.16822943903782214	0.02545508738413038	0.9854191465398295	-0.12206278928928978	-0.991434908056869	0.04644888111877571	0.9781613012749678	-0.12809707886026897	-0.1636814194572122
29318	133.26406747916667	0.16822537349072247	0.025500100442787083	0.9854186768025632	-0.12203986000274161	-0.9914358130424391	0.04648979659440122	0.9781648615056759	-0.1280811207566726	-0.16367263125304882
29319	133.26849367361112	0.16824667095675494	0.025563566538918718	0.9854133963863998	-0.12205055416013615	-0.9914312845504666	0.04655824571239281	0.9781598642048104	-0.12810352095247868	-0.16368496564561064
29320	133.27291986805557	0.16815062011530246	0.025584849260981923	0.9854292386788268	-0.12214086989072996	-0.9914190412015692	0.04658210649270078	0.9781651071558295	-0.12819399452101632	-0.16358277082740297
29321	133.2773460625	0.16810616188328592	0.02564135151164135	0.9854353552768073	-0.12227535359096599	-0.9913990091983093	0.046655572709111026	0.9781559467902217	-0.128337545766106	-0.16352497700858398
29322	133.28177225694446	0.1680791928839466	0.025712739102842774	0.9854380954516173	-0.12232222734229531	-0.9913896428950898	0.046731666548142425	0.9781547206947895	-0.12839560353912463	-0.1634867314931796
29323	133.28619845138888	0.1680467895835448	0.025746490009060426	0.9854427404790587	-0.1223859429069293	-0.9913798777631363	0.046771988894321825	0.9781523181434708	-0.12846422155044596	-0.1634471972595195
29324	133.29063592708331	0.1679966129131031	0.025760190094115072	0.9854509377214272	-0.12244000732124771	-0.9913724383259239	0.046788173023588175	0.9781541712107035	-0.12851887462169703	-0.16339313391043925
29325	133.29507340277777	0.16794643652760619	0.025773892978454727	0.9854591320285253	-0.12249407219413022	-0.991364995705039	0.046804354156933514	0.9781560186059166	-0.1285735265577	-0.1633390692196402
29326	133.29949959722222	0.16791966592355664	0.02576335403523429	0.9854639696026318	-0.12256920656770502	-0.9913557845593984	0.04680275656393973	0.9781512027276176	-0.12864664010177376	-0.16331033829197805
29327	133.30392579166667	0.16789034172607745	0.0257589283645588	0.9854690815873479	-0.12264918932015703	-0.991345655392069	0.04680777600333047	0.9781462107038035	-0.12872555746540465	-0.16327804917076755
29328	133.3083519861111	0.16787214269790354	0.025747255102891095	0.985472486962818	-0.12265432605532456	-0.9913456475039543	0.04679448124383767	0.9781486901314793	-0.12872795356732905	-0.16326130577830966
29329	133.31277818055557	0.16786028614455695	0.025765202297971322	0.9854740375504635	-0.12264439349889157	-0.9913461763814199	0.04680930801911165	0.978151970339352	-0.12872028948259728	-0.16324769522648658
29330	133.317204375	0.16787230397716596	0.02581074170909194	0.9854707987402899	-0.12263048989534774	-0.991345766700705	0.04685438925670565	0.9781516510773907	-0.12871432110304756	-0.16325431399370915
29331	133.32163557638887	0.1678494060326251	0.025807615694906774	0.9854747809389337	-0.1226567460590975	-0.9913426032296155	0.04685259510553985	0.9781522885219303	-0.12873931021282345	-0.16323078896224624
29332	133.32606677777778	0.1678265079136623	0.025804490265887846	0.9854787625939097	-0.12268300209973935	-0.9913394390948378	0.0468508003232363	0.9781529247706111	-0.1287642993117662	-0.1632072638869027
29333	133.33049797916667	0.16780360962030613	0.025801365422038737	0.9854827437052129	-0.1227092580172414	-0.9913362742963762	0.046849004909797154	0.9781535598234329	-0.12878928839984546	-0.16318373876770775
29334	133.33492918055555	0.16778071115258403	0.025798241163363538	0.985486724272839	-0.12273551381157186	-0.9913331088342343	0.046847208865224754	0.9781541936803947	-0.1288142774770308	-0.16316021360468946
29335	133.33936038194446	0.16775781251052355	0.025795117489866057	0.9854907042967825	-0.1227617694826985	-0.9913299427084158	0.04684541218952126	0.9781548263414954	-0.12883926654329178	-0.16313668839787632
29336	133.34379158333334	0.16773491369415267	0.025791994401549962	0.9854946837770389	-0.12278802503058957	-0.9913267759189246	0.0468436148826889	0.9781554578067347	-0.12886425559859804	-0.16311316314729718
29337	133.34822278472222	0.16771201470349922	0.025788871898419056	0.9854986627136032	-0.12281428045521316	-0.9913236084657647	0.04684181694472972	0.9781560880761113	-0.12888924464291915	-0.16308963785298025
29338	133.35265398611114	0.16768911553859156	0.025785749980477023	0.9855026411064708	-0.12284053575653758	-0.9913204403489398	0.04684001837564589	0.9781567171496252	-0.12891423367622518	-0.1630661125149549
29339	133.35708518750002	0.1676662161994569	0.02578262864772781	0.9855066189556366	-0.12286679093453065	-0.991317271568454	0.04683821917543973	0.9781573450272748	-0.12893922269848523	-0.16304258713324904
29340	133.36151138194444	0.16761793815439066	0.025757618006564353	0.985515485379859	-0.12310353415011949	-0.9912875273770534	0.04684610919210125	0.9781358528796609	-0.12917268744326663	-0.1629867176492089
29341	133.36593757638892	0.16758497030021627	0.025733644433730496	0.9855217183165645	-0.12326762591913176	-0.9912671903947067	0.046844953274024936	0.9781208361596929	-0.12933343261176874	-0.16294935740628275
29342	133.37036377083334	0.16756377055034533	0.025745570223687047	0.9855250115612536	-0.12341665989044771	-0.9912470387277145	0.0468789534335301	0.9781056746898249	-0.1294854193621611	-0.1629196590720976
29343	133.37478996527778	0.16752604880009686	0.025677689854512707	0.9855331953907809	-0.12356328250650299	-0.9912310827213272	0.04683007434676545	0.9780936244499531	-0.1296209739619361	-0.16288420709053847
29344	133.37921615972223	0.16752732987203223	0.025663737823976233	0.9855333410427318	-0.12361126611688034	-0.9912253774343955	0.046824203346368	0.9780873420277603	-0.12966735784669348	-0.1628850136572682
29345	133.38366604166666	0.16750987627381866	0.025663455639595736	0.9855363151073453	-0.12364076303855472	-0.991221589876172	0.046826504018534276	0.9780866030500437	-0.12969636389655784	-0.16286635664260968
29346	133.38809223611108	0.16752052176833265	0.025662536587431124	0.9855345295840043	-0.12366496405513762	-0.9912183570427373	0.046831029528922596	0.9780817202318565	-0.1297212506777361	-0.16287585969350038
29347	133.39251843055555	0.1675236049155136	0.025672111741194215	0.9855337561315993	-0.12362355115190038	-0.991223374257896	0.04683417475929935	0.9780864273655495	-0.1296810125019801	-0.16287963531318728
29348	133.39694462499997	0.16752431191882802	0.025713162369148675	0.9855325657719796	-0.1235692437849738	-0.9912286173927972	0.046866513119427355	0.9780931688272508	-0.12963279424027516	-0.1628775360537036
29349	133.40137081944442	0.1675360240013803	0.02578500351310598	0.9855286978346386	-0.12351208321646273	-0.9912326993147815	0.04693081193269466	0.9780983825573677	-0.12958730417352424	-0.1628824258037066
29350	133.40579701388887	0.16754733648784564	0.02579056862766771	0.9855266290698036	-0.12345453275336032	-0.9912399860683934	0.046928332186229105	0.9781037104410137	-0.12953044657142634	-0.16289565688663632
29351	133.41023448958333	0.1675606868976939	0.025827242271607032	0.9855233988916837	-0.12334742296629733	-0.9912523341076189	0.0469491573275897	0.9781149367298029	-0.1294286045773543	-0.16290919821548605
29352	133.4146719652778	0.16757403332023674	0.025863917286285686	0.9855201677994199	-0.12324031151455661	-0.9912646702607927	0.04696998095121718	0.9781261518713134	-0.12932676163644863	-0.1629227416601069
29353	133.4190981597222	0.16760281325568344	0.025916568778058188	0.9855138905421643	-0.12312650023609731	-0.9912770203164394	0.04700780714064828	0.9781355539639643	-0.12922151699827025	-0.16294980090897604
29354	133.4235243541667	0.16764734595186803	0.025957207961879888	0.9855052464345984	-0.12308016003040777	-0.9912809214733196	0.04704688012925046	0.9781337544539521	-0.1291834280309613	-0.16299079826783341
29355	133.4279505486111	0.16765848976788342	0.025999119963782975	0.9855022458471931	-0.12304922995816499	-0.9912829341324149	0.04708536401614788	0.9781357358850842	-0.12915955349465763	-0.16299782797818346
29356	133.43237674305556	0.1677177198086406	0.026051303796480844	0.9854907894205271	-0.12301876068760033	-0.9912840886168242	0.0471406424860657	0.9781294142295676	-0.1291401766516354	-0.163051107918061
29357	133.4368029375	0.16776585233607225	0.02609382265429975	0.9854814717736898	-0.12305162160672396	-0.9912774100454733	0.04719528316998006	0.978117026336781	-0.12918285007238756	-0.1630916124062432
29358	133.44124041319446	0.1678029734637482	0.02609146469162454	0.9854752140804814	-0.12309844703830862	-0.9912711025332155	0.047205652408800036	0.9781047665937844	-0.12923171728654473	-0.16312641972926772
29359	133.4456778888889	0.16784009424828414	0.026089104873951434	0.9854689550511488	-0.12314527178378384	-0.9912647926663106	0.04721602331321828	0.9780925031918123	-0.129280584107175	-0.16316122631582103
29360	133.45010408333331	0.1678859322070998	0.0260557107270619	0.9854620305752326	-0.12324658910977547	-0.9912527050813239	0.04720543339239819	0.9780718746798515	-0.1293799621559136	-0.1632061069714461
29361	133.4545302777778	0.16797204445831498	0.02605081732435249	0.985447485763309	-0.12335622714807361	-0.99123788388413	0.04723027394272372	0.9780432677056199	-0.12949444957080236	-0.1632867233612954
29362	133.4589564722222	0.16801775915571748	0.026047815930047288	0.9854397718245219	-0.12346949041268805	-0.9912227343248416	0.04725225809223932	0.9780211232614164	-0.12961096497927502	-0.16332691208621647
29363	133.46338266666666	0.16807170486550346	0.026052849232960317	0.9854304394884744	-0.12339400555429825	-0.991232150981675	0.047251902115235445	0.9780213808587567	-0.12953791687026092	-0.16338331211003299
29364	133.4678088611111	0.16809774104210987	0.026072350811019794	0.9854254827127858	-0.1232822311820751	-0.9912458486417786	0.04725631201447844	0.9780310020297461	-0.12942913147212054	-0.16341193039390783
29365	133.47224630555553	0.16816515474265595	0.026100832567037643	0.9854132266565566	-0.12316027104474782	-0.9912601873534259	0.04727355078937395	0.978034778710125	-0.12931352406983093	-0.16348083718307305
29366	133.47668374999998	0.1682325641581988	0.02612932228293836	0.9854009655332148	-0.12303830795944871	-0.991274511329241	0.047290780956229295	0.978038536628917	-0.12919791680212395	-0.16354974522376375
29367	133.48110994444443	0.16827441467033805	0.026190461415540125	0.9853921965888491	-0.12301794465053038	-0.9912739995914363	0.04735444042491588	0.9780338985236222	-0.12918946344357557	-0.16358415532638498
29368	133.48553613888888	0.16837914990924	0.026183155241709395	0.9853744994962221	-0.12301441918081067	-0.9912741515175499	0.04736041814394504	0.9780163160957231	-0.12918977867753326	-0.16368899332514836
29369	133.48996233333332	0.16841580006239512	0.026205464967545868	0.9853676430120781	-0.12312398945307114	-0.9912583655906637	0.047406074164456025	0.9779962175338426	-0.12930632719384086	-0.16371704931721687
29370	133.49438852777777	0.16841266538281924	0.026196135633319916	0.9853684268417248	-0.12320228752799248	-0.991248479004358	0.047409379023744314	0.9779868968889741	-0.12938398413029292	-0.16371137457137086
29371	133.4988147222222	0.16843985298395467	0.026133166061945996	0.985365451778335	-0.12324530503277666	-0.9912456421833196	0.047356854202493304	0.9779767945683177	-0.12941844723283114	-0.16374448021756743
29372	133.50326460416667	0.16846447895110847	0.02614556757716994	0.9853609128780172	-0.12335338734502366	-0.9912305800001497	0.04739070692736702	0.9779589261120533	-0.1295312571105317	-0.16376199885542814
29373	133.5076907986111	0.16842794375054654	0.026210885728627245	0.9853654231975486	-0.123328818958004	-0.9912309234084011	0.0474474329479756	0.9779683175739319	-0.12951542745267683	-0.1637184286308777
29374	133.51211699305554	0.16843694895446387	0.026264333559500974	0.9853624607268063	-0.12324159489902389	-0.9912398390257363	0.04748779648475465	0.977977762279724	-0.129436340766061	-0.16372455581077605
29375	133.5165431875	0.1684015091643828	0.026349420604030914	0.9853662465017717	-0.12313715853262876	-0.9912497789263478	0.04755119311833189	0.9779970203940648	-0.12934289239188415	-0.1636833659478964
29376	133.52096938194444	0.1683205262880483	0.02646095280496974	0.985377094521061	-0.12307852420051761	-0.9912526618940021	0.04764280815273392	0.9780183420114049	-0.12929802111675467	-0.163591394714252
29377	133.52539557638886	0.16820425311309756	0.026466004812914203	0.9853968133822577	-0.12307867961092567	-0.9912531402279562	0.04763245336372274	0.9780383263757594	-0.1292933199258914	-0.16347559317110594
29378	133.5298301736111	0.1681132437713209	0.026505081428852023	0.9854112937891136	-0.12334056399110517	-0.9912171762047938	0.047703405234336305	0.978020982670127	-0.12956075893203614	-0.16336758308157195
29379	133.53426477083332	0.16802224313242112	0.026544182868370916	0.9854257618758504	-0.12360244607801002	-0.9911811382895315	0.047774328070641525	0.9780035588566548	-0.1298281843627151	-0.16325955227428085
29380	133.53869936805555	0.167931251204061	0.026583309128178252	0.9854402176412501	-0.12386432584958668	-0.9911450264852046	0.04784522186666601	0.9779860549368105	-0.13009559619540859	-0.16315150075832974
29381	133.54313396527778	0.16784026799390342	0.026622460204979135	0.9854546610840954	-0.12412620328378232	-0.9911088407948541	0.04791608661643976	0.9779684709120678	-0.13036299440759758	-0.16304342854281767
29382	133.54756856249998	0.16774929350961063	0.026661636095476362	0.9854690922031696	-0.12438807835854256	-0.9910725812215267	0.04798692231399471	0.9779508067839077	-0.13063037897676277	-0.16293533563684626
29383	133.5520031597222	0.16765832775884237	0.026700836796371294	0.9854835109972577	-0.124649951051818	-0.9910362477682763	0.048057728953366685	0.9779330625538172	-0.13089774988039118	-0.16282722204951677
29384	133.55643775694443	0.1675673707492594	0.026740062304362898	0.9854979174651458	-0.12491182134155455	-0.9909998404381622	0.04812850652859263	0.9779152382232911	-0.1311651070959651	-0.16271908778993377
29385	133.56087235416666	0.16747642248852143	0.026779312616147726	0.9855123116056204	-0.12517368920570013	-0.9909633592342506	0.04819925503371225	0.9778973337938301	-0.13143245060097092	-0.16261093286720385
29386	133.5653069513889	0.16738548298428707	0.026818587728420527	0.9855266934174689	-0.12543555462220213	-0.990926804159613	0.04826997446276776	0.9778793492669418	-0.13169978037289476	-0.16250275729043429
29387	133.5697331458333	0.16727437632174777	0.026749088049448828	0.9855474465060997	-0.1260105166784077	-0.9908533393172438	0.04828053075834815	0.9778244385944805	-0.13226543861640475	-0.16237370795482575
29388	133.5741593402778	0.1671567732715472	0.026724002973447087	0.9855680802534749	-0.12655730508624358	-0.9907812347376967	0.04833004677167968	0.9777739317852323	-0.13280953488631922	-0.16223367641931652
29389	133.5785855347222	0.16710554827177856	0.026690820516427946	0.9855776660603405	-0.12710444190502546	-0.9907087328546038	0.048380445364189506	0.9777117144561581	-0.13335594004687265	-0.1621604041355798
29390	133.58301172916669	0.16701046216489104	0.026688462862133725	0.985593847118338	-0.12768935416066626	-0.9906295294039034	0.048461988269498046	0.9776517449283776	-0.13394350086158532	-0.16203766295352767
29391	133.5874379236111	0.16690867308400267	0.026666265463545006	0.985611690847651	-0.1282849619441062	-0.9905495240875208	0.04852431214335218	0.9775911534932878	-0.13453828680421798	-0.16191042583925613
29392	133.59186014930555	0.1668157789709604	0.0265557004382888	0.9856304026665083	-0.12897926589558917	-0.9904598008081811	0.04851527545065393	0.9775156494171059	-0.13521899924659173	-0.16179918846336533
29393	133.596282375	0.16672280587658647	0.02644520014513495	0.9856491045955057	-0.1296735062577167	-0.9903695947662434	0.04850615978798217	0.9774396594038266	-0.13589965839482854	-0.16168795586777923
29394	133.60070856944444	0.16661945101098954	0.026390522150473276	0.9856680470043767	-0.13033364247340262	-0.9902809885380284	0.04854591002093617	0.9773694798715642	-0.13655439971224265	-0.1615605017781801
29395	133.60513476388888	0.16651669859551638	0.026348696564596815	0.9856865299263233	-0.13061893335585215	-0.9902438553926332	0.04853659553484746	0.9773489056308547	-0.1368314768117363	-0.16145049896389246
29396	133.6095609583333	0.16640903540198257	0.026268377195946952	0.9857068556604817	-0.13080278893972977	-0.990222793756706	0.04847111645354324	0.9773426540073704	-0.13699923753129395	-0.16134604294395904
29397	133.61398715277778	0.1663039169306413	0.02623476437275103	0.9857254913777126	-0.1309489781534626	-0.9902046685535333	0.048446666504018465	0.9773409703548147	-0.13713661623758192	-0.16123949935675141
29398	133.6184133472222	0.16625014567413743	0.026234530440663716	0.9857345679623323	-0.13109983012063833	-0.9901838724871139	0.048463730858887555	0.97732989497184	-0.13728673671910485	-0.16117887056109853
29399	133.62286607291668	0.16614530794891835	0.026185087129130386	0.9857535583798818	-0.13159857733406083	-0.9901168423340578	0.04848147037875217	0.9772806920686657	-0.13777873471067462	-0.16105734746144074
29400	133.62731879861113	0.1660404433508652	0.02613569665948902	0.9857725379274731	-0.1320972932320836	-0.9900495632872999	0.04849914798616384	0.977231229695718	-0.13827070403650246	-0.1609358136421004
29401	133.63174499305555	0.16594374944225035	0.026134167341145997	0.9857888604150653	-0.13274478253862207	-0.9899584802078265	0.048590432940908646	0.9771599125679594	-0.13892160653403043	-0.16080824763731
29402	133.63617118750003	0.16585987275676342	0.026157466949443427	0.9858023582503235	-0.13332226842752412	-0.9898756442538414	0.04869683413099635	0.9770955303093192	-0.1395062573357601	-0.16069327557094348
29403	133.64059738194445	0.1658097048194076	0.02610277606776245	0.9858122472708771	-0.13390988327854558	-0.9897946252972755	0.04873133378999944	0.9770236869943467	-0.1400901310377798	-0.16062213495589722
29404	133.6450235763889	0.16574786703360953	0.02609653432152004	0.9858228113967614	-0.1345434634708781	-0.9897043178576799	0.04882027909716513	0.9769471331710173	-0.1407278725422592	-0.16053026156665995
29405	133.64944977083334	0.16571418068200083	0.02604848448562836	0.9858297453297378	-0.13532186907249286	-0.9895944959161073	0.048895044772174684	0.9768453317038582	-0.14150692600911038	-0.16046491149105424
29406	133.65389965277777	0.1657737958132801	0.026018645169469518	0.9858205103999422	-0.13607656658179648	-0.9894859200750241	0.04899777546576381	0.9767303704958535	-0.14226961754650475	-0.16049030897286115
29407	133.6583258472222	0.16574517884181933	0.02599825878095347	0.9858258599930578	-0.1367877450680505	-0.9893832870176623	0.049089959964581986	0.976635883269651	-0.1429853206118894	-0.16042926665550716
29408	133.66275204166666	0.16575465582648455	0.026064728560208972	0.985822511407062	-0.13743096306760583	-0.9892855081708207	0.04926371599374113	0.976543969548814	-0.1436482274456746	-0.16039657817285796
29409	133.66717823611108	0.16573579591551418	0.026114854349884947	0.9858243557219183	-0.13806829065145523	-0.9891891713955495	0.04941589127367152	0.9764572663812976	-0.14430106574821383	-0.16033842133154913
29410	133.67160443055556	0.1657136554098356	0.02613761804940923	0.9858274744261358	-0.13869523325073352	-0.9890953350261906	0.049538374044296285	0.9763721711951008	-0.14493875655645438	-0.1602814404840246
29411	133.67603062499998	0.16567520294090976	0.026176457168272455	0.985832906846087	-0.13925558834291135	-0.9890103187910338	0.04966357256709478	0.9762989338546663	-0.14551076391447834	-0.16020926733265767
29412	133.68045281944444	0.16564136010287842	0.026221384247728276	0.9858373997933948	-0.13967570737469046	-0.9889455973619368	0.04977250473727726	0.9762446602121052	-0.14594192155297753	-0.1601478034216397
29413	133.6848750138889	0.16560753604562667	0.02626632614553689	0.9858418859612901	-0.1400958039828453	-0.9888806857359453	0.04988141021269568	0.976190201605864	-0.14637304905351703	-0.160086291728805
29414	133.68930120833332	0.16559177063471442	0.02641173960714106	0.985840649146192	-0.1404382847594416	-0.9888220146769611	0.05008104895089727	0.976143664463324	-0.14674277938324845	-0.16003156884500364
29415	133.6937274027778	0.165635633161372	0.026560985103722384	0.9858292707652533	-0.14070017635632975	-0.988774671873968	0.05028030065368483	0.9760985080413395	-0.1470345616882204	-0.16003918354148094
29416	133.69815359722222	0.1656226671988161	0.02665788299070704	0.9858288337152673	-0.1409770875094668	-0.9887280674977366	0.0504209216450833	0.9760607526723419	-0.14733012528551395	-0.15999762897010827
29417	133.70257979166666	0.16565230118508462	0.026766241542378614	0.9858209185373281	-0.14126792607778238	-0.9886783391437115	0.05058176321278715	0.9760136721244065	-0.14764386212005995	-0.15999563057941452
29418	133.7070059861111	0.16566147803360282	0.026905407557202506	0.9858155880994696	-0.14168548454399552	-0.9886078498837001	0.050791166730652176	0.9759515859740459	-0.14808989902254824	-0.15996213190075992
29419	133.71145871180556	0.16566165941699038	0.027019161166445697	0.9858124464263327	-0.14212041299444683	-0.9885358769194929	0.050976546109924664	0.975888314721258	-0.14854893124109322	-0.1599225194199742
29420	133.7159114375	0.16566189081486862	0.02713291408850535	0.9858092832311476	-0.14255531196743976	-0.9884636778012535	0.05116190670299564	0.975824841332454	-0.14900792811352645	-0.1598828208339021
29421	133.72033763194443	0.1656604473410473	0.027295761013453643	0.9858050302252777	-0.1428894836202112	-0.9884041282060242	0.05137971210544881	0.9757762098234992	-0.1493727578107394	-0.15983919283611464
29422	133.72476382638888	0.16560839169942518	0.02732532595676022	0.9858129574924885	-0.14324738614258667	-0.9883481461142136	0.05145996925683283	0.9757325693867388	-0.14973733213181778	-0.15976446539828337
29423	133.72919002083333	0.1655649159600647	0.027402617950453623	0.985818114629975	-0.14356795044421145	-0.9882952054127744	0.051583239170983425	0.9756928318935143	-0.15007226088649397	-0.1596928749319485
29424	133.73361621527778	0.16549564586340126	0.027543914724294963	0.9858258081232791	-0.14377193989453754	-0.988256959361198	0.05174757552891843	0.9756745464032652	-0.15029808726600755	-0.15959218171628092
29425	133.7380424097222	0.16539444568042702	0.027655057979085785	0.9858396802250546	-0.14395832400667224	-0.9882232070709245	0.051873827270086076	0.9756642241505293	-0.15049947101113065	-0.1594654537450529
29426	133.74247988541663	0.16524470572368416	0.027747894033318374	0.9858621818525187	-0.14413361776575245	-0.9881924785900597	0.05197235310999676	0.9756637163798031	-0.15068403908427053	-0.15929417097056958
29427	133.7469173611111	0.1650949779510344	0.027840758170891825	0.9858846486480138	-0.14430892175427823	-0.9881617083855962	0.0520708477228628	0.9756631505583601	-0.15086858607718803	-0.15912286566551342
29428	133.75134355555554	0.16490674034338965	0.027895345731824856	0.9859146092212145	-0.14451978539947669	-0.9881277337876868	0.05213073323577658	0.9756637733447969	-0.1510808770364815	-0.1589174942430206
29429	133.75576974999998	0.16474542688703145	0.027867027937505492	0.9859423781711283	-0.14468338411970486	-0.9881052059011954	0.05210393872469077	0.9756667785055919	-0.15123336544852356	-0.15875391804813388
29430	133.76019594444443	0.1645495850893835	0.027901462835318587	0.985974108391575	-0.1448131589258143	-0.9880848669493946	0.05212911573702547	0.975680574291012	-0.15135984962085122	-0.15854845591778782
29431	133.76462213888888	0.1643223326097995	0.02794230005779087	0.9860108512958441	-0.14480937275305805	-0.9880851589995575	0.052134097553188624	0.9757194353750163	-0.15135040942230665	-0.15831815119928555
29432	133.7690483333333	0.1640980340945893	0.027981733836528633	0.9860470869982795	-0.14474203284204573	-0.9880953558627521	0.05212783950264385	0.9757671746554313	-0.15127653583409056	-0.15809437235712714
29433	133.77349821527778	0.16382185620114217	0.02802002250988513	0.9860919215617567	-0.14467389380519577	-0.9881061553691314	0.052112284279975135	0.9758236848335129	-0.15119888908381413	-0.15781961873533096
29434	133.7779244097222	0.16358586508587447	0.027972597595621394	0.9861324447191967	-0.1448596372114818	-0.9880817969142136	0.05205812245689176	0.9758357188846204	-0.15136676118135137	-0.15758411518425242
29435	133.78235060416665	0.163297296097981	0.027916242102659142	0.9861818678691847	-0.1450388366928684	-0.9880593216090359	0.05198569834359351	0.9758574326907942	-0.1515237948586208	-0.15729847632375488
29436	133.7867767986111	0.16298250736232342	0.027899803125981146	0.9862344058485396	-0.14514916500784655	-0.9880456279533862	0.05193801093345643	0.9758936531156535	-0.15161608776027177	-0.15698452070460472
29437	133.79120299305555	0.16265897503176988	0.027919006608092455	0.9862872740290383	-0.14511576604407322	-0.988052450523282	0.051901536204423754	0.9759525973565805	-0.1515680839918305	-0.1566641108486227
29438	133.79562918749997	0.16234449096250209	0.02784520987633699	0.986341173499854	-0.145031803532176	-0.9880719286617431	0.051765236934333075	0.9760174395052224	-0.1514546403303844	-0.1563695932848312
29439	133.80007794444444	0.16209955535769904	0.027780877527436666	0.9863832708418375	-0.144819872544015	-0.9881101504869338	0.05162881967490687	0.9760896161055969	-0.15121690827580872	-0.1561489928956768
29440	133.80450413888886	0.16181982111718377	0.027607003616619722	0.9864340823617739	-0.1447016674063231	-0.9881397940803696	0.0513923613451949	0.9761535601243446	-0.151054959223844	-0.15590582526143892
29441	133.80893033333334	0.16151679900995172	0.02745999175843076	0.9864878471072039	-0.14454988213981798	-0.9881733450285892	0.0511739362212226	0.9762262315728583	-0.1508621524029003	-0.15563725698373276
29442	133.81335652777776	0.16122706856005334	0.027312742080566783	0.9865393284018495	-0.14441201323321678	-0.9882045760653714	0.05095965342689143	0.9762945266657296	-0.15068420608511074	-0.15538103886587584
